FANN_FIX_2.0
decimal_point=13
num_layers=3
learning_rate=0.700000
connection_rate=1.000000
network_type=0
learning_momentum=0.000000
training_algorithm=2
train_error_function=1
train_stop_function=1
cascade_output_change_fraction=0.010000
quickprop_decay=-0.000100
quickprop_mu=1.750000
rprop_increase_factor=1.200000
rprop_decrease_factor=0.500000
rprop_delta_min=0.000000
rprop_delta_max=50.000000
rprop_delta_zero=0.100000
cascade_output_stagnation_epochs=12
cascade_candidate_change_fraction=0.010000
cascade_candidate_stagnation_epochs=12
cascade_max_out_epochs=150
cascade_min_out_epochs=50
cascade_max_cand_epochs=150
cascade_min_cand_epochs=50
cascade_num_candidate_groups=2
bit_fail_limit=82
cascade_candidate_limit=8192000
cascade_weight_multiplier=3277
cascade_activation_functions_count=10
cascade_activation_functions=3 5 7 8 10 11 14 15 16 17 
cascade_activation_steepnesses_count=4
cascade_activation_steepnesses=2048 4096 6144 8192 
layer_sizes=11 7 2 
neurons (num_inputs, activation_function, activation_steepness)=(0, 0, 0) (0, 0, 0) (0, 0, 0) (0, 0, 0) (0, 0, 0) (0, 0, 0) (0, 0, 0) (0, 0, 0) (0, 0, 0) (0, 0, 0) (0, 0, 0) (11, 5, 8192) (11, 5, 8192) (11, 5, 8192) (11, 5, 8192) (11, 5, 8192) (11, 5, 8192) (0, 5, 8192) (7, 5, 8192) (0, 5, 8192) 
connections (connected_to_neuron, weight)=(0, 1254) (1, -54) (2, 2174) (3, 239) (4, 49) (5, 607) (6, -267) (7, 1898) (8, 1284) (9, 1603) (10, -3276) (0, -5921) (1, -4544) (2, -4036) (3, -3620) (4, -4474) (5, -3445) (6, -4067) (7, -3044) (8, -3348) (9, -5593) (10, -7244) (0, 2273) (1, -101) (2, 1490) (3, 3128) (4, 1176) (5, 2900) (6, 1782) (7, 1806) (8, 4095) (9, 3469) (10, 16383) (0, -1330) (1, 3880) (2, 1150) (3, 7481) (4, -1940) (5, 6524) (6, -1516) (7, 3139) (8, -2939) (9, 6588) (10, 1377) (0, 19565) (1, -1810) (2, 15678) (3, -1172) (4, 15730) (5, 70) (6, 17086) (7, -2427) (8, 19611) (9, 345) (10, 1188) (0, 464) (1, 1994) (2, 1707) (3, 3510) (4, 3585) (5, 3658) (6, 2686) (7, 2471) (8, 2710) (9, 76) (10, 17285) (11, 6938) (12, 2013) (13, 560) (14, 7274) (15, 7797) (16, 1430) (17, -193) 
